P
116747.52
749301
35 40 9366.28
35 56 6310.11
35 93 3282.51
35 77 9444.76
35 48 3718.70
40 77 2505.77
40 45 2941.46
40 48 4213.43
40 56 9057.24
40 93 3634.69
45 56 4193.81
45 93 7943.67
45 77 3737.48
45 48 980.32
77 48 8178.80
77 56 1013.87
77 93 39.27
48 56 5121.89
48 93 9510.82
56 93 1657.57
C
259770.20
665935
98 76 124.01
98 9 5619.06
98 12 8776.20
98 14 7110.33
9 76 6899.73
9 12 5017.46
9 14 1456.93
9 95 6533.58
12 80 1372.99
12 76 4970.17
12 14 6190.59
14 80 3282.18
14 95 6254.70
80 76 6667.57
80 95 1676.38
76 95 2122.39
X
102812.06
901448
49 66 576.78
49 71 8930.09
66 71 6051.42
15 12 4536.56
12 71 8246.67
i
119796.90
799249
92 45 2468.67
92 30 9111.01
45 30 4681.28
E
78623.35
895528
96 66 1330.55
66 99 2502.74
66 45 59.42
66 86 8050.09
45 91 4190.19
45 86 1915.12
D
60553.64
644000
74 46 3013.37
74 70 8761.02
46 70 729.28
a
108672.59
1005241
48 59 5646.31
48 28 6140.77
48 21 8231.64
48 61 2754.22
59 28 8331.21
59 21 3840.96
59 61 4804.84
28 21 7093.10
28 61 7095.94
21 61 41.21
z
129077.66
1012362
33 21 3678.80
33 55 6621.52
36 65 4588.41
36 70 29.45
36 71 1205.25
70 65 3462.61
70 79 7858.66
70 21 7731.64
70 55 2070.48
70 59 6830.84
71 21 3648.27
79 65 7178.50
79 21 8048.62
79 55 8518.21
21 59 4418.98
55 65 4311.66
k
48015.88
118291
3 13 3757.59
3 30 4147.06
3 31 2912.35
7 20 5365.66
7 13 9489.88
7 30 230.08
7 39 7097.08
39 13 5080.34
39 20 8331.54
39 24 73.91
39 84 1813.17
39 30 5163.27
39 31 8304.20
13 20 4037.44
13 30 4805.58
13 31 6150.97
84 89 2791.99
84 31 6310.09
84 20 6273.75
30 20 8215.85
30 24 97.06
30 89 7211.89
24 89 1769.92
24 31 9745.33