J
211495.85
958139
97 55 5091.37
3 82 853.49
3 21 566.47
6 17 1442.48
6 44 3147.50
6 13 594.68
6 28 9666.97
44 17 3736.68
44 55 8024.50
13 55 2903.85
21 55 14.93
M
86756.55
750168
17 53 2849.01
17 63 3965.31
17 13 2615.51
17 21 6981.12
53 63 7061.53
53 13 5022.21
53 21 7442.15
63 13 1984.26
63 21 1433.71
13 21 3395.20
w
252116.10
931390
4 35 7115.41
4 60 7410.56
4 7 5168.20
35 60 3254.02
35 7 1700.53
60 7 357.84
v
85483.09
779334
35 68 1593.92
35 78 9184.22
35 16 4706.21
35 81 5887.84
35 22 2860.32
35 26 4676.66
36 81 1280.07
36 26 3727.76
36 68 3881.38
36 78 6156.68
36 22 3899.97
9 16 710.14
9 26 8921.02
9 78 4060.38
78 16 1243.64
78 81 4179.28
78 22 3486.43
78 26 5932.29
16 81 7616.89
16 26 5164.88
81 22 5705.27
81 68 1787.28
81 26 8064.60
22 68 35.37
L
247020.82
34173
70 12 7246.40
70 26 9673.89
70 84 7853.04
70 42 2223.76
70 7 5628.12
7 12 1119.90
7 26 2926.43
7 84 6447.64
7 42 5042.91
42 12 3283.58
42 26 4738.53
42 84 5900.91
12 26 5996.31
12 84 3130.77
84 26 6291.56
j
130108.54
48800
32 19 8463.83
32 85 1182.88
65 19 2144.06
35 19 3646.73
46 25 7300.03
46 54 1668.07
19 25 6130.35
85 60 5639.13
54 60 3687.18
g
220893.15
764651
32 8 8315.90
32 40 5197.89
32 68 2559.77
96 8 6666.78
96 40 1721.82
68 8 4112.12
68 74 2323.62
68 40 4940.11
68 50 8853.74
68 90 9129.34
71 8 8578.15
71 50 7654.27
8 50 3441.64
74 45 590.75
45 40 4176.88
45 50 9605.00
40 50 5746.23
A
180182.11
142262
69 8 8089.32
69 48 946.68
69 45 6013.31
69 39 5993.15
39 8 9723.39
39 48 473.95
39 59 7123.18
8 48 9528.61
8 45 4308.11
8 59 6044.95
77 26 6936.94
77 59 2390.83
77 45 4030.26
45 48 9197.65
45 26 9016.12
48 59 8271.63
26 59 3291.94
m
165670.43
426721
80 36 7987.52
80 77 4890.52
80 30 3633.03
80 15 4326.10
36 77 6955.30
36 30 8567.19
36 15 6053.09
77 30 5100.04
77 15 8502.94
30 15 9473.42